nsteps       simpsons                    milne
1.6094379124341          -8.42436914893974        -11.2178765171896
2.19722457733622          -11.1806957888343        -15.2431964069469
2.56494935746154          -12.7994792722912        -17.6516301412367
2.83321334405622          -13.9491257891939        -19.3692134845354
3.04452243772342          -14.841198438722        -20.7041383762158
3.2188758248682          -15.5702119897356        -21.7959301739144
3.36729582998647          -16.1866502164097        -22.7195454387084
3.49650756146648          -16.7206689922326        -23.5198969203718
3.61091791264422          -17.1917279179554        -24.2260116929506
3.71357206670431          -17.6131175733318        -24.8577695413051
3.80666248977032          -17.9943195235659        -25.4293460215244
3.89182029811063          -18.3423355877782        -25.9512005473545
3.97029191355212          -18.6624834122981        -26.4312246133661
4.04305126783455          -18.9588971035252        -26.8756869006684
4.11087386417331          -19.2348539600862        -27.2895717836714
4.17438726989564          -19.4929960858858        -27.6767669931386
4.23410650459726          -19.7354844202516        -28.0396210562874
4.29045944114839          -19.964109872789        -28.3838355122171
4.34380542185368          -20.180371690259        -28.7063864103197
4.39444915467244          -20.3855384745949        -29.0142398416353
4.44265125649032          -20.5806943433491        -29.3088423569316
4.48863636973214          -20.7667696606426        -29.5864740935299
4.53259949315326          -20.9445725684521        -29.8536275858406
4.57471097850338          -21.1148081620164        -30.1103474326884
4.61512051684126          -21.2780923723426        -30.3486141455768
4.79579054559674          -22.0073668785612        -31.4260242265943
4.94875989037817          -22.6239623571711        -32.3815356716218
5.08140436498446          -23.1580888385039        -33.3443464191308
5.19849703126583          -23.6292128677634        -33.749811527239
5.30330490805908          -24.0506501528319        -33.9039622070662
5.39816270151775          -24.4318988018084        -35.2902565681861
5.48479693349065          -24.7799243724568        -35.6957216762943
5.56452040732269          -25.1000999561226        -34.4429587077989
5.63835466933375          -25.3965836890384        -35.0025744957343
5.70711026474888          -25.6724974421558        -35.6957216762943
5.77144112313002          -25.9306632047878        -36.3888688568542
5.83188247728352          -26.1733847395349        -inf
5.88887795833288          -26.4015917785884        -36.3888688568542
5.9427993751267          -26.6183414315743        -35.0025744957343
5.99396142730657          -26.823514920266        -35.6957216762943
6.04263283368238          -27.0173454472867        -35.0025744957343
6.08904487544685          -27.2053859390479        -35.6957216762943
6.13339804299665          -27.3816243408885        -35.0025744957343
6.17586727010576          -27.5523495876518        -35.2902565681861
6.21660610108486          -27.7170679472116        -34.7794309444201
6.25575004175337          -27.8714756854353        -34.191644279518
6.29341927884648          -28.0248268449322        -34.4429587077989
6.3297209055227          -28.1706209301685        -34.3094273151744
6.36475075685191          -28.3095606648023        -35.0025744957343
6.39859493453521          -28.4433134286007        -34.4429587077989
6.43133108193348          -28.5756815893328        -34.0862837638602
6.46302945692067          -28.7008716904612        -34.4429587077989
6.49375383985169          -28.8303521138086        -35.0025744957343
6.52356230614951          -28.9463761340598        -34.4429587077989
6.55250788703459          -29.0630613542585        -34.3094273151744
6.58063913728495          -29.1773121235404        -35.2902565681861
6.60800062529609          -29.283082727373        -33.9909735840559
6.63463335786169          -29.3912728738723        -35.2902565681861
6.66057514983969          -29.4891457495694        -34.7794309444201
6.68586094706836          -29.5909284438793        -35.0025744957343
6.71052310945243          -29.7067602594044        -34.3094273151744
6.73459165997295          -29.7985678086575        -35.6957216762943
6.75809450442773          -29.8786105163311        -34.3094273151744
6.78105762593618          -29.9836403988234        -36.3888688568542
6.80350525760834          -30.0825935699062        -35.0025744957343
6.82546003625531          -30.1623321875668        -34.7794309444201
6.84694313958538          -30.2276615351592        -35.0025744957343
6.86797440897029          -30.3367796879298        -35.6957216762943
6.88857245956536          -30.3949074295477        -35.6957216762943
6.90875477931522          -30.4672904372104        -34.5971093876262
6.98193467715639          -30.7684679911371        -35.0025744957343
7.05012252026906          -31.080601159453        -34.5971093876262
7.11395610956603          -31.2829233829536        -35.2902565681861
7.17395831975679          -31.584847812121        -33.555655512798
7.23056315340929          -31.773748340013        -34.0862837638602
7.2841348061952          -31.8455740745842        -33.3931365833002
7.33498187887181          -32.3635171661191        -34.0862837638602
7.38336814699238          -32.2299857734946        -34.191644279518
7.42952084278646          -32.4970485587436        -34.7794309444201
7.47363710849621          -32.77795094421        -33.9039622070662
7.51588908521513          -32.9876714751921        -33.2533746409251
7.55642796944025          -33.1307723188327        -33.749811527239
7.59538727885397          -34.0862837638602        -35.0025744957343
7.63288550539513          -32.9231329540545        -35.6957216762943
7.66902828858968          -33.3443464191308        -34.0862837638602
7.70391020961631          -34.7794309444201        -33.9039622070662
7.7376162828579          -33.749811527239        -33.8239194993927
7.77022320415879          -33.4444298776878        -33.9039622070662
7.80180040190897          -33.8239194993927        -33.4444298776878
7.83241092718792          -33.4444298776878        -35.6957216762943
7.86211221166275          -33.555655512798        -34.3094273151744
7.89095671613892          -33.680818655752        -33.749811527239
7.91899248816525          -34.0862837638602        -36.3888688568542
7.94626364358054          -34.4429587077989        -33.749811527239
7.9728107841214          -35.2902565681861        -33.9909735840559
7.99867136101578          -35.0025744957343        -35.6957216762943
8.02387999273488          -34.3094273151744        -36.3888688568542
8.04846874366888          -34.3094273151744        -34.5971093876262
8.07246736935477          -34.0862837638602        -33.4444298776878
8.0959035329611          -34.191644279518        -33.555655512798
8.11880299698004          -33.9909735840559        -35.0025744957343
8.14118979345769          -33.6162801346144        -33.3931365833002
8.16308637558322          -33.4984970989581        -34.3094273151744
8.18451375303372          -35.2902565681861        -inf
8.20549161312024          -35.6957216762943        -35.6957216762943
8.22603842948548          -35.2902565681861        -34.4429587077989
8.24617155985756          -34.191644279518        -33.9909735840559
8.26590733415575          -33.8239194993927        -33.4444298776878
8.28526113406895          -33.2533746409251        -34.5971093876262
8.30424746507847          -34.5971093876262        -34.3094273151744
8.3228800217699          -33.555655512798        -33.2533746409251
8.34117174717076          -33.749811527239        -34.4429587077989
8.35913488675796          -34.0862837638602        -33.056664346679
8.37678103769949          -33.3931365833002        -33.9909735840559
8.39412119382624          -33.9909735840559        -34.4429587077989
8.41116578677071          -34.191644279518        -35.0025744957343
8.42792472365806          -33.9909735840559        -33.9039622070662
8.44440742169058          -35.2902565681861        -33.2108150265063
8.46062283992784          -33.8239194993927        -34.3094273151744
8.47657950853094          -33.6162801346144        -33.1307723188327
8.49228555571005          -35.6957216762943        -34.0862837638602
8.50774873258824          -33.555655512798        -33.3443464191308
8.52297643617196          -35.6957216762943        -33.555655512798
8.53797573059877          -33.9909735840559        -33.9039622070662
8.55275336681479          -34.0862837638602        -36.3888688568542
8.56731580081945          -34.7794309444201        -inf
8.5816692106006          -33.9039622070662        -33.8239194993927
8.59581951187143          -33.555655512798        -33.749811527239
8.60977237270933          -34.4429587077989        -33.680818655752
8.62353322718756          -34.7794309444201        -35.6957216762943
8.63710728808157          -34.3094273151744        -35.2902565681861
8.65049955872446          -34.0862837638602        -34.7794309444201
8.663714844079          -35.2902565681861        -34.0862837638602
8.67675776108758          -33.680818655752        -33.8239194993927
8.68963274835574          -33.9039622070662        -33.8239194993927
8.70234407522035          -32.8923612953878        -34.5971093876262
8.71489585024849          -34.3094273151744        -32.9876714751921
8.72729202920964          -35.0025744957343        -33.9039622070662
8.73953642255968          -36.3888688568542        -33.3931365833002
8.7516327024723          -34.4429587077989        -33.8239194993927
8.76358440945014          -33.555655512798        -33.056664346679
8.77539495854551          -33.2533746409251        -32.9548816523691
8.78706764521805          -35.0025744957343        -33.0215730268678
8.79860565085442          -33.2533746409251        -36.3888688568542
8.81001204797317          -33.4444298776878        -34.7794309444201
8.82128980513611          -34.7794309444201        -35.0025744957343
8.83244179158582          -33.680818655752        -33.680818655752
8.84347078162738          -35.2902565681861        -34.3094273151744
8.85437945877111          -35.2902565681861        -32.6511992385709
8.86517041965177          -34.191644279518        -34.3094273151744
8.8758461777386          -34.191644279518        -35.0025744957343
8.88640916684928          -35.2902565681861        -33.3443464191308
8.89686174448039          -34.5971093876262        -35.0025744957343
8.90720619496548          -32.8053499183981        -inf
8.91744473247151          -33.4984970989581        -36.3888688568542
8.92757950384347          -33.9909735840559        -33.1307723188327
8.93761259130621          -33.9039622070662        -33.4984970989581
8.94754601503218          -32.8053499183981        -34.4429587077989
8.95738173558279          -33.4984970989581        -35.6957216762943
8.96712165623092          -33.4984970989581        -33.2533746409251
8.97676762517143          -34.0862837638602        -33.555655512798
8.98632143762602          -34.3094273151744        -33.4444298776878
8.99578483784851          -33.749811527239        -33.2978264034959
9.00515952103614          -33.8239194993927        -35.0025744957343
9.01444713515213          -34.0862837638602        -34.191644279518
9.02364928266429          -33.9039622070662        -33.3931365833002
9.03276752220443          -33.3443464191308        -32.8625083322381
9.04180337015285          -33.169993031986        -33.8239194993927
9.05075830215172          -35.0025744957343        -34.7794309444201
9.05963375455148          -33.555655512798        -33.555655512798
9.06843112579349          -inf        -35.0025744957343
9.07715177773244          -33.9039622070662        -35.2902565681861
9.08579703690158          -33.680818655752        -32.77795094421
9.09436819572376          -34.191644279518        -36.3888688568542
9.10286651367095          -33.0930319908499        -33.2978264034959
9.11129321837495          -33.2108150265063        -33.0215730268678
9.11964950669168          -33.3443464191308        -36.3888688568542
9.12793654572137          -33.9039622070662        -35.6957216762943
9.13615547378681          -33.9909735840559        -32.8625083322381
9.14430740137174          -33.6162801346144        -34.7794309444201
9.15239341202133          -33.2978264034959        -32.9548816523691
9.16041456320646          -33.4444298776878        -36.3888688568542
9.16837188715368          -33.9909735840559        -34.5971093876262
9.17626639164243          -33.4984970989581        -33.680818655752
9.18409906077096          -34.4429587077989        -33.4444298776878
9.19187085569252          -34.7794309444201        -32.604679222936
9.19958271532322          -33.9909735840559        -33.3443464191308
9.2072355570227          -33.1307723188327        -35.2902565681861
9.21483027724904          -33.555655512798        -32.6276687411607
9.2223677521889          -33.4984970989581        -33.9039622070662
9.22984883836423          -35.0025744957343        -33.8239194993927
9.23727437321626          -33.9039622070662        -32.2779949926809
9.24464517566817          -35.6957216762943        -32.6511992385709
9.251962046667          -34.4429587077989        -33.680818655752
9.25922576970599          -33.9039622070662        -33.3443464191308
9.26643711132805          -32.5387212551442        -33.169993031986
9.2735968216112          -33.2978264034959        -35.6957216762943
9.28070563463675          -33.2978264034959        -36.3888688568542
9.28776426894099          -34.4429587077989        -33.9909735840559
9.29477342795101          -36.3888688568542        -35.6957216762943
9.30173380040539          -33.680818655752        -33.6162801346144
9.30864606076031          -32.7512826971278        -35.6957216762943
9.31551086958172          -32.6276687411607        -34.3094273151744
9.32232887392423          -33.680818655752        -34.0862837638602
9.32910070769702          -33.0215730268678        -33.4984970989581
9.3358269920176          -32.3635171661191        -32.5387212551442
9.3425083355536          -32.9876714751921        -34.191644279518
9.34914533485336          -33.2978264034959        -32.8923612953878
9.35573857466554          -35.0025744957343        -33.8239194993927
9.36228862824824          -32.8335207953648        -32.7253072107246
9.36879605766816          -35.6957216762943        -33.4444298776878
9.37526141408997          -33.749811527239        -33.9039622070662
9.38168523805651          -33.3931365833002        -33.749811527239
9.38806805975991          -32.77795094421        -35.2902565681861
9.39441039930425          -34.0862837638602        -33.9909735840559
9.40071276695985          -34.0862837638602        -32.9876714751921
9.4069756634096          -32.5822063670839        -35.0025744957343
9.41319957998769          -33.4444298776878        -inf
9.41938499891089          -32.7253072107246        -32.9876714751921
9.42553239350277          -33.2533746409251        -33.749811527239
9.43164222841102          -34.4429587077989        -34.4429587077989
9.43771495981821          -34.4429587077989        -33.680818655752
9.44375103564617          -32.604679222936        -33.9909735840559
9.44975089575427          -34.191644279518        -32.8053499183981
9.45571497213171          -34.0862837638602        -34.4429587077989
9.46164368908425          -35.0025744957343        -33.1307723188327
9.46753746341524          -34.7794309444201        -33.4984970989581
9.47339670460156          -33.680818655752        -34.4429587077989
9.47922181496425          -32.6511992385709        -33.1307723188327
9.48501318983432          -33.0215730268678        -33.9909735840559
9.49077121771377          -33.2978264034959        -33.8239194993927
9.49649628043192          -33.0215730268678        -33.555655512798
9.50218875329738          -36.3888688568542        -33.555655512798
9.5078490052457          -33.555655512798        -33.6162801346144
9.51347739898282          -inf        -33.8239194993927
9.51907429112457          -32.3284258463078        -35.6957216762943
9.52464003233223          -34.7794309444201        -34.0862837638602
9.53017496744437          -33.680818655752        -33.9909735840559
9.53567943560506          -33.056664346679        -35.2902565681861
9.54115377038857          -33.169993031986        -33.8239194993927
9.54659829992065          -33.0215730268678        -35.2902565681861
9.55201334699657          -33.680818655752        -33.9909735840559
9.55739922919595          -34.7794309444201        -33.4444298776878
9.56275625899453          -32.8923612953878        -33.9909735840559
9.56808474387294          -33.680818655752        -33.680818655752
9.57338498642259          -34.0862837638602        -33.4444298776878
9.57865728444884          -33.169993031986        -33.680818655752
9.58390193107134          -35.0025744957343        -34.191644279518
9.58911921482184          -33.4984970989581        -33.6162801346144
9.59430941973946          -33.4984970989581        -32.0581355165679
9.59947282546345          -33.9039622070662        -33.680818655752
9.60460970732361          -33.3443464191308        -33.4444298776878
9.6097203364284          -35.6957216762943        -35.0025744957343
9.61480497975076          -33.4444298776878        -32.5387212551442
9.61986390021185          -35.0025744957343        -32.8335207953648
9.62489735676257          -35.2902565681861        -32.6752967901499
9.62990560446313          -34.191644279518        -34.3094273151744
9.63488889456061          -33.3931365833002        -33.8239194993927
9.63984747456458          -32.8335207953648        -33.0930319908499
9.64478158832086          -32.8923612953878        -34.191644279518
9.64969147608348          -35.2902565681861        -inf
9.65457737458489          -36.3888688568542        -33.9039622070662
9.65943951710441          -35.6957216762943        -33.2533746409251
9.66427813353513          -inf        -33.555655512798
9.66909345044906          -33.169993031986        -33.6162801346144
9.67388569116087          -32.1403736148049        -34.7794309444201
9.67865507578996          -32.6276687411607        -33.680818655752
9.68340182132116          -32.8335207953648        -33.169993031986
9.68812614166397          -33.749811527239        -35.6957216762943
9.69282824771042          -33.749811527239        -35.0025744957343
9.6975083473915          -33.3931365833002        -34.0862837638602
9.70216664573239          -34.191644279518        -34.3094273151744
9.70680334490634          -33.9909735840559        -33.1307723188327
9.71141864428729          -32.6999894027403        -33.0215730268678
9.71601274050137          -32.9231329540545        -32.5822063670839
9.72058582747711          -33.2978264034959        -32.7512826971278
9.72513809649457          -33.2533746409251        -32.5822063670839
9.72966973623339          -33.680818655752        -34.0862837638602
9.73418093281967          -34.0862837638602        -34.4429587077989
9.73867186987184          -34.0862837638602        -33.4444298776878
9.74314272854554          -33.8239194993927        -32.8053499183981
9.74759368757745          -34.0862837638602        -33.2108150265063
9.75202492332816          -34.4429587077989        -33.6162801346144
9.75643660982409          -33.3443464191308        -35.2902565681861
9.76082891879855          -33.0215730268678        -33.8239194993927
9.76520201973178          -33.4444298776878        -33.4444298776878
9.76955607989027          -33.3931365833002        -33.0215730268678
9.77389126436506          -33.9039622070662        -34.191644279518
9.77820773610937          -35.0025744957343        -33.2978264034959
9.78250565597535          -33.749811527239        -33.749811527239
9.78678518274999          -33.2978264034959        -33.2978264034959
9.79104647319038          -32.5387212551442        -32.77795094421
9.79528968205814          -36.3888688568542        -32.8923612953878
9.79951496215315          -33.1307723188327        -33.169993031986
9.80372246434655          -33.749811527239        -32.9876714751921
9.8079123376131          -32.6511992385709        -33.9039622070662
9.81208472906278          -inf        -32.3635171661191
9.81623978397185          -32.9876714751921        -32.8625083322381
9.82037764581312          -35.2902565681861        -35.2902565681861
9.82449845628576          -34.4429587077989        -34.191644279518
9.82860235534434          -36.3888688568542        -32.8335207953648
9.83268948122741          -34.3094273151744        -33.056664346679
9.83675997048542          -33.8239194993927        -33.555655512798
9.84081395800807          -35.6957216762943        -33.9039622070662
9.84485157705117          -33.2533746409251        -33.169993031986
9.84887295926291          -32.5822063670839        -33.8239194993927
9.85287823470959          -34.5971093876262        -32.8053499183981
9.8568675319009          -32.5387212551442        -33.3443464191308
9.86084097781466          -33.4444298776878        -32.6511992385709
9.86479869792102          -35.6957216762943        -32.7253072107246
9.86874081620629          -32.7512826971278        -32.8625083322381
9.87266745519624          -33.9039622070662        -34.7794309444201
9.87657873597891          -35.0025744957343        -34.191644279518
9.88047477822706          -33.3931365833002        -35.6957216762943
9.8843557002201          -34.191644279518        -34.5971093876262
9.88822161886569          -33.680818655752        -33.8239194993927
9.89207264972083          -35.6957216762943        -32.9876714751921
9.89590890701258          -33.4444298776878        -34.4429587077989
9.89973050365842          -34.5971093876262        -34.5971093876262
9.90353755128617          -33.555655512798        -33.555655512798
9.90733016025358          -34.7794309444201        -34.191644279518
9.91110843966749          -33.9909735840559        -34.3094273151744
9.91487249740269          -33.056664346679        -inf
9.9186224401204          -33.4444298776878        -33.056664346679
9.92235837328638          -33.4984970989581        -33.680818655752
9.92608040118876          -35.0025744957343        -33.749811527239
9.9297886269555          -33.3931365833002        -33.3931365833002
9.93348315257151          -33.2533746409251        -32.5387212551442
9.93716407889551          -35.6957216762943        -33.2533746409251
9.94083150567655          -32.7253072107246        -32.7253072107246
9.9444855315702          -34.7794309444201        -32.5176678459463
9.94812625415451          -31.76389604357        -35.0025744957343
9.95175376994562          -32.1841762374633        -33.555655512798
9.95536817441312          -inf        -34.7794309444201
9.95896956199513          -36.3888688568542        -33.3931365833002
9.96255802611312          -36.3888688568542        -34.4429587077989
9.9661336591864          -35.6957216762943        -33.8239194993927
9.96969655264646          -34.191644279518        -34.4429587077989
9.97324679695098          -35.6957216762943        -32.0194210043872
9.97678448159759          -33.056664346679        -33.4444298776878
9.98030969513741          -inf        -32.77795094421
9.9838225251884          -33.2978264034959        -35.2902565681861
9.98732305844836          -32.8625083322381        -33.3443464191308
9.9908113807078          -33.6162801346144        -34.3094273151744
9.99428757686257          -35.0025744957343        -32.1122027378382
9.99775173092621          -33.9039622070662        -32.7512826971278
10.0012039260422          -32.8923612953878        -33.0215730268678
10.0046442444959          -33.1307723188327        -34.4429587077989
10.0080727677262          -33.056664346679        -32.5387212551442
10.0114895763374          -34.4429587077989        -34.4429587077989
10.0148947501103          -32.4768458514261        -33.3931365833002
10.0182883680133          -35.2902565681861        -32.6999894027403
10.0216705082138          -33.749811527239        -32.4970485587436
10.0250412480887          -32.6752967901499        -33.749811527239
10.0284006642349          -32.3458175890197        -35.2902565681861
10.0317488324801          -32.8335207953648        -32.6999894027403
10.0350858278929          -32.3284258463078        -32.8923612953878
10.0384117247926          -35.6957216762943        -33.2533746409251
10.0417265967599          -33.680818655752        -33.4984970989581
10.0450305166457          -33.0215730268678        -34.3094273151744
10.0483235565816          -33.8239194993927        -33.2978264034959
10.0516057879886          -32.5822063670839        -33.0215730268678
10.0548772815869          -33.8239194993927        -35.0025744957343
10.058138107405          -34.5971093876262        -35.6957216762943
10.0613883347884          -34.191644279518        -32.6752967901499
10.0646280324086          -34.0862837638602        -32.6752967901499
10.0678572682719          -32.8923612953878        -33.1307723188327
10.071076109728          -33.4444298776878        -34.7794309444201
10.0742846234781          -33.3931365833002        -32.4768458514261
10.0774828755836          -33.555655512798        -31.9462176003639
10.080670931474          -32.6276687411607        -34.191644279518
10.0838488559549          -33.4444298776878        -34.5971093876262
10.0870167132162          -33.0215730268678        -33.680818655752
10.0901745668397          -32.9231329540545        -34.0862837638602
10.0933224798066          -33.4444298776878        -32.7512826971278
10.0964605145052          -32.5822063670839        -32.77795094421
10.0995887327385          -32.0068422221803        -35.0025744957343
10.102707195731          -33.555655512798        -32.8625083322381
10.1058159641364          -36.3888688568542        -33.2978264034959
10.1089150980446          -33.6162801346144        -33.749811527239
10.1120046569882          -32.6999894027403        -33.3931365833002
10.11508469995          -33.9039622070662        -33.4984970989581
10.1181552853693          -35.0025744957343        -33.749811527239
10.1212164711488          -32.5602274603651        -34.191644279518
10.1242683146611          -33.555655512798        -32.3635171661191
10.1273108727551          -32.6511992385709        -31.889059186524
10.1303442017622          -32.6752967901499        -32.6276687411607
10.133368357503          -33.3931365833002        -32.0984094157058
10.136383395293          -32.39988481029        -32.5822063670839
10.139389369949          -34.3094273151744        -33.9909735840559
10.1423863357948          -33.3443464191308        -32.9876714751921
10.1453743466675          -35.0025744957343        -32.9231329540545
10.1483534559227          -32.5387212551442        -35.2902565681861
10.1513237164407          -32.604679222936        -32.1261889798129
10.1542851806322          -33.2533746409251        -32.8625083322381
10.1572379004432          -36.3888688568542        -35.6957216762943
10.1601819273614          -32.5387212551442        -31.9700282490576
10.1631173124207          -33.2108150265063        -33.0930319908499
10.1660441062072          -32.8923612953878        -33.3931365833002
10.1689623588638          -34.7794309444201        -32.7253072107246
10.1718721200959          -33.749811527239        -33.2978264034959
10.1747734391764          -32.2299857734946        -32.604679222936
10.1776663649502          -32.5176678459463        -34.191644279518
10.1805509458398          -32.8625083322381        -32.3458175890197
10.1834272298497          -33.9039622070662        -32.8923612953878
10.1862952645716          -32.8625083322381        -33.680818655752
10.1891550971887          -33.2978264034959        -34.4429587077989
10.1920067744805          -34.4429587077989        -35.6957216762943
10.1948503428275          -33.9909735840559        -33.749811527239
10.1976858482157          -35.2902565681861        -32.8053499183981
10.200513336241          -33.9909735840559        -33.680818655752
10.2033328521137          -32.6276687411607        -34.3094273151744
10.2061444406626          -33.9909735840559        -33.2978264034959
10.2089481463396          -34.5971093876262        -34.7794309444201
10.2117440132235          -32.77795094421        -32.2617344718091
10.2145320850248          -32.8625083322381        -33.3443464191308
10.2173124050891          -32.0848037636501        -33.2533746409251
10.2200850164016          -35.2902565681861        -33.3931365833002
10.2228499615909          -34.4429587077989        -35.0025744957343
10.2256072829329          -32.2779949926809        -32.8053499183981
10.228357022355          -32.7253072107246        -33.1307723188327
10.2310992214394          -32.4768458514261        -32.8625083322381
10.2338339214274          -32.4185769433021        -33.6162801346144
10.2365611632225          -34.3094273151744        -34.3094273151744
10.239280987395          -33.6162801346144        -33.2978264034959
10.2419934341845          -33.2533746409251        -34.3094273151744
10.2446985435045          -32.3113314129485        -32.7512826971278
10.2473963549452          -33.169993031986        -32.5822063670839
10.2500869077773          -32.8053499183981        -31.8780093503374
10.2527702409553          -36.3888688568542        -31.98214960959
10.2554463931212          -33.0930319908499        -32.4376251382728
10.2581154026072          -33.0930319908499        -32.1261889798129
10.2607773074399          -35.0025744957343        -33.2108150265063
10.2634321453425          -32.7253072107246        -33.0930319908499
10.2660799537389          -33.4444298776878        -31.9700282490576
10.2687207697564          -35.6957216762943        -32.9231329540545
10.271354630229          -31.773748340013        -33.555655512798
10.2739815717002          -33.3931365833002        -32.9548816523691
10.2766016304266          -33.2533746409251        -31.8349919652537
10.2792148423803          -32.8923612953878        -33.4444298776878
10.2818212432523          -33.2533746409251        -34.3094273151744
10.284420868455          -33.4984970989581        -33.555655512798
10.2870137531255          -32.5387212551442        -32.0581355165679
10.2895999321285          -32.8625083322381        -33.680818655752
10.2921794400585          -33.749811527239        -32.8923612953878
10.2947523112432          -32.9548816523691        -32.8625083322381
10.2973185797459          -32.4970485587436        -32.6752967901499
10.2998782793686          -32.6752967901499        -32.0581355165679
10.302431443654          -32.2299857734946        -32.7253072107246
10.3049781058889          -33.056664346679        -33.9039622070662
10.3075182991061          -34.191644279518        -33.3443464191308
10.3100520560876          -34.191644279518        -32.0194210043872
10.3125794093666          -33.169993031986        -35.2902565681861
10.3151003912305          -32.8335207953648        -33.1307723188327
10.3176150337229          -34.4429587077989        -32.8053499183981
10.3201233686465          -32.6999894027403        -32.6999894027403
10.3226254275649          -33.9909735840559        -33.3931365833002
10.3251212418059          -32.2945242946321        -33.2533746409251
10.3276108424628          -33.9909735840559        -34.5971093876262
10.3300942603977          -32.6752967901499        -34.4429587077989
10.3325715262429          -33.2533746409251        -33.3443464191308
10.335042670404          -33.0215730268678        -33.3443464191308
10.3375077230616          -32.2457341304627        -32.3635171661191
10.3399667141735          -32.5822063670839        -34.3094273151744
10.3424196734772          -33.749811527239        -34.0862837638602
10.344866630492          -32.9876714751921        -33.749811527239
10.3473076145208          -32.6999894027403        -33.0215730268678
10.3497426546525          -33.056664346679        -32.3113314129485
10.3521717797643          -36.3888688568542        -34.3094273151744
10.354595018523          -33.169993031986        -34.4429587077989
10.3570123993879          -33.6162801346144        -34.5971093876262
10.3594239506121          -32.8053499183981        -32.4570432241299
10.3618297002451          -34.4429587077989        -32.4768458514261
10.3642296761341          -32.3815356716218        -33.2978264034959
10.3666239059267          -32.6999894027403        -32.5602274603651
10.369012417072          -32.9231329540545        -32.9231329540545
10.371395236823          -32.9876714751921        -32.8335207953648
10.3737723922385          -34.3094273151744        -33.6162801346144
10.3761439101846          -35.2902565681861        -35.6957216762943
10.3785098173368          -34.5971093876262        -32.5822063670839
10.3808701401818          -32.39988481029        -33.0930319908499
10.3832249050189          -34.0862837638602        -33.8239194993927
10.3855741379623          -33.1307723188327        -33.6162801346144
10.3879178649426          -32.8053499183981        -35.6957216762943
10.3902561117083          -32.9876714751921        -34.3094273151744
10.392588903828          -32.1992141148278        -32.5602274603651
10.3949162666914          -33.8239194993927        -33.680818655752
10.3972382255117          -33.2978264034959        -32.6511992385709
10.3995548053266          -34.3094273151744        -32.7512826971278
10.4018660310004          -33.8239194993927        -31.9700282490576
10.4041719272252          -33.169993031986        -32.8625083322381
10.406472518523          -35.0025744957343        -31.8670802798052
10.4087678292465          -33.8239194993927        -33.9909735840559
10.4110578835814          -inf        -32.9231329540545
10.4133427055477          -33.2533746409251        -32.4970485587436
10.4156223190007          -33.1307723188327        -33.680818655752
10.4178967476335          -33.1307723188327        -34.7794309444201
10.4201660149774          -32.4970485587436        -34.5971093876262
10.4224301444041          -32.77795094421        -35.2902565681861
10.4246891591269          -34.3094273151744        -32.5602274603651
10.4269430822021          -32.5176678459463        -32.5822063670839
10.4291919365306          -33.9039622070662        -33.2108150265063
10.4314357448588          -32.39988481029        -32.6999894027403
10.4336745297807          -35.0025744957343        -31.9944197021818
10.4359083137387          -32.39988481029        -35.6957216762943
10.4381371190251          -34.191644279518        -33.0215730268678
10.4403609677836          -32.6511992385709        -32.0984094157058
10.4425798820104          -33.9039622070662        -33.6162801346144
10.4447938835557          -33.3443464191308        -32.8053499183981
10.4470029941248          -33.9909735840559        -32.6752967901499
10.4492072352794          -33.169993031986        -32.2144815869586
10.4514066284392          -33.4984970989581        -35.2902565681861
10.4536011948826          -32.5602274603651        -32.2945242946321
10.4557909557484          -33.4984970989581        -33.0930319908499
10.4579759320367          -33.1307723188327        -32.5822063670839
10.4601561446104          -32.8923612953878        -32.1841762374633
10.462331614196          -32.8625083322381        -32.8053499183981
10.4645023613853          -34.4429587077989        -33.2533746409251
10.466668406636          -31.8245206653864        -35.6957216762943
10.4688297702736          -36.3888688568542        -32.9548816523691
10.4709864724915          -33.0930319908499        -35.6957216762943
10.4731385333533          -35.2902565681861        -32.4570432241299
10.4752859727928          -32.8625083322381        -32.4570432241299
10.4774288106162          -35.0025744957343        -33.0215730268678
10.4795670665022          -35.6957216762943        -32.4768458514261
10.4817007600038          -32.6752967901499        -33.4444298776878
10.483829910549          -32.1693611516781        -32.1261889798129
10.485954537442          -32.77795094421        -33.0930319908499
10.4880746598642          -32.7253072107246        -32.8923612953878
10.4901902968752          -33.6162801346144        -33.555655512798
10.4923014674141          -33.2108150265063        -33.555655512798
10.4944081903          -34.7794309444201        -33.056664346679
10.4965104842335          -33.4984970989581        -33.4984970989581
10.4986083677975          -33.0215730268678        -33.169993031986
10.5007018594582          -34.4429587077989        -34.7794309444201
10.5027909775659          -33.4444298776878        -32.7512826971278
10.5048757403564          -33.3931365833002        -35.2902565681861
10.5069561659514          -33.9039622070662        -33.3443464191308
10.50903227236          -34.5971093876262        -33.8239194993927
10.5111040774791          -32.7253072107246        -33.3931365833002
10.5131715990948          -36.3888688568542        -33.056664346679
10.5152348548831          -32.0848037636501        -32.8625083322381
10.5172938624107          -35.2902565681861        -33.169993031986
10.519348639136          -32.9231329540545        -33.4984970989581
10.5213992024102          -32.154762352257        -32.7253072107246
10.5234455694777          -32.6752967901499        -32.4970485587436
10.5254877574775          -32.5822063670839        -33.555655512798
10.5275257834437          -32.8335207953648        -33.6162801346144
10.5295596643065          -33.8239194993927        -32.6999894027403
10.5315894168929          -33.0930319908499        -34.4429587077989
10.5336150579278          -32.9231329540545        -32.154762352257
10.5356366040345          -inf        -33.6162801346144
10.5376540717358          -32.9876714751921        -32.4185769433021
10.5396674774548          -33.9039622070662        -36.3888688568542
10.5416768375154          -36.3888688568542        -33.680818655752
10.5436821681433          -32.2299857734946        -33.2978264034959
10.545683485467          -33.749811527239        -33.1307723188327
10.5476808055181          -36.3888688568542        -32.3458175890197
10.5496741442326          -32.3815356716218        -34.191644279518
10.551663517451          -31.9700282490576        -33.749811527239
10.5536489409199          -33.1307723188327        -36.3888688568542
10.555630430292          -33.8239194993927        -32.9876714751921
10.5576080011272          -32.5602274603651        -35.0025744957343
10.5595816688934          -32.9548816523691        -33.3931365833002
10.5615514489668          -35.0025744957343        -31.8780093503374
10.5635173566332          -32.9548816523691        -33.4984970989581
10.5654794070884          -32.7253072107246        -33.9909735840559
10.5674376154388          -33.4444298776878        -33.9909735840559
10.5693919967022          -32.77795094421        -32.5176678459463
10.5713425658087          -35.2902565681861        -32.0581355165679
10.5732893376011          -32.6511992385709        -33.749811527239
10.5752323268356          -32.8625083322381        -35.6957216762943
10.5771715481828          -32.7253072107246        -32.77795094421
10.5791070162279          -35.6957216762943        -32.2144815869586
10.5810387454715          -33.4444298776878        -35.2902565681861
10.5829667503307          -32.5387212551442        -34.5971093876262
10.5848910451389          -33.3931365833002        -32.77795094421
10.5868116441473          -32.7253072107246        -33.2978264034959
10.588728561525          -34.0862837638602        -32.9548816523691
10.5906418113597          -34.5971093876262        -32.3113314129485
10.5925514076584          -33.555655512798        -34.0862837638602
10.5944573643483          -33.749811527239        -31.8245206653864
10.5963596952766          -32.2617344718091        -35.6957216762943
